Eye_Index time X_Displacement Y_Displacement
1 4.88 6.50 0.50
0 4.92 1.50 0.50
1 4.92 7.00 1.00
0 4.96 1.50 -0.21
1 4.96 6.20 -0.10
0 5.00 2.24 0.34
1 5.00 6.18 0.06
0 5.05 2.50 0.28
1 5.05 6.00 0.50
0 5.10 1.00 -1.00
1 5.10 6.50 1.00
0 5.15 0.50 -0.50
1 5.15 6.50 2.00
0 5.19 1.50 -0.36
1 5.19 5.00 0.00
0 5.25 1.50 -0.17
1 5.25 6.50 1.50
0 5.29 1.00 1.50
1 5.29 6.00 1.50
0 5.34 2.00 0.00
1 5.34 6.00 0.00
0 5.38 -1.00 1.00
1 5.38 3.89 1.80
0 5.42 -1.00 0.50
1 5.42 2.91 3.03
0 5.47 -0.50 0.50
1 5.47 2.89 3.56
0 5.52 -0.81 0.38
1 5.52 1.50 2.00
0 5.56 -0.31 0.27
1 5.56 3.84 2.00
0 5.61 -0.73 0.42
1 5.61 3.50 2.50
0 5.66 -1.71 1.58
1 5.66 3.32 2.85
0 5.70 -1.95 0.01
1 5.70 3.50 1.50
0 5.75 -1.50 -1.00
1 5.75 3.00 1.00
0 5.78 -2.55 -0.42
1 5.79 2.43 1.84
0 5.83 -2.50 1.50
1 5.83 3.00 0.50
0 5.88 1.00 2.00
1 5.88 3.50 1.50
0 5.93 -0.07 0.60
1 5.93 3.00 1.50
0 5.97 -1.43 0.93
1 5.97 3.00 1.08
0 6.02 -0.04 0.62
1 6.02 2.88 1.81
0 6.07 -2.50 -0.50
1 6.07 4.00 1.50
0 6.11 -1.21 -1.21
1 6.11 3.50 1.50
0 6.16 -2.50 1.12
1 6.16 3.50 1.90
0 6.21 -1.10 -0.77
1 6.21 3.83 2.40
0 6.25 -1.50 -1.00
1 6.25 3.69 1.86
0 6.30 -1.81 2.19
1 6.30 3.71 1.68
0 6.34 -2.00 2.00
1 6.34 4.00 2.00
0 6.38 -1.00 -1.00
1 6.38 3.50 1.62
0 6.42 0.64 1.18
1 6.42 4.00 1.50
0 6.47 -0.37 0.14
1 6.47 3.44 0.65
0 6.52 -1.07 0.60
1 6.52 3.64 1.50
0 6.56 18.19 -18.57
1 6.56 -21.49 -22.43
0 6.61 17.59 -19.82
1 6.61 -20.00 -21.36
0 6.66 15.81 -18.26
1 6.66 -19.50 -23.00
0 6.70 15.37 -20.00
1 6.70 -20.80 -22.50
0 6.75 16.10 -21.35
1 6.75 -21.36 -22.00
0 6.80 16.10 -21.35
1 6.80 -21.36 -22.00
0 6.84 17.00 -20.00
1 6.84 -18.25 -23.50
0 6.89 16.50 -18.12
1 6.89 -19.86 -21.50
0 6.94 17.30 -18.30
1 6.94 -19.57 -21.00
0 6.98 16.30 -18.30
1 6.98 -20.25 -20.50
0 7.03 16.90 -19.77
1 7.03 -20.19 -21.61
0 7.07 26.91 -16.50
1 7.07 36.00 -10.00
0 7.10 26.91 -16.50
1 7.10 36.00 -10.00
0 7.19 25.24 -16.50
0 7.22 26.50 -18.00
0 7.25 26.97 -17.00
1 7.25 -13.50 33.50
0 7.28 26.15 -18.00
1 7.28 -18.50 -19.00
0 7.31 26.50 -17.50
1 7.31 -17.59 -18.00
0 7.34 27.38 -18.00
1 7.34 -17.88 -18.00
0 7.38 26.67 -17.50
1 7.38 -18.42 -18.50
0 7.41 26.65 -18.50
1 7.41 36.50 -13.20
0 7.44 26.50 -18.00
1 7.44 -17.05 -19.00
0 7.47 26.50 -17.50
1 7.47 -16.91 -19.29
0 7.52 25.03 -17.45
1 7.52 -16.50 -18.50
0 7.55 27.00 -17.50
1 7.55 -18.48 -19.00
0 7.58 24.17 -17.50
1 7.58 -16.96 -19.51
0 7.61 23.69 -17.12
1 7.61 -17.17 -19.00
0 7.64 23.36 -18.50
1 7.64 -17.38 -19.50
0 7.69 24.07 -17.50
1 7.69 -18.39 -19.50
0 7.72 25.03 -18.57
1 7.72 -16.52 -19.69
0 7.75 25.00 -16.50
1 7.75 -18.34 -19.18
0 7.80 25.57 -18.50
1 7.80 -15.93 -18.00
0 7.84 25.47 -17.00
1 7.84 -18.00 -19.00
0 7.88 25.22 -17.50
1 7.88 -17.33 -19.75
0 7.91 24.00 -17.50
1 7.91 -19.09 -19.00
0 7.95 25.83 -17.50
1 7.95 -18.05 -19.50
0 8.00 24.72 -17.50
1 8.00 -17.25 -19.00
0 8.05 24.22 -18.50
1 8.05 -17.44 -19.00
0 8.08 25.67 -18.00
1 8.08 -15.72 -19.18
0 8.12 24.82 -19.00
1 8.12 -17.25 -19.50
0 8.16 25.59 -17.50
1 8.16 -16.83 -19.00
0 8.20 25.50 -18.50
1 8.20 -17.55 -19.50
0 8.25 25.12 -18.00
1 8.25 -17.00 -19.50
0 8.28 25.50 -18.50
1 8.28 -15.33 -18.50
0 8.31 24.44 -17.69
1 8.31 -16.75 -19.50
0 8.34 25.50 -18.50
1 8.34 -16.90 -18.92
0 8.39 24.81 -19.00
1 8.39 -16.25 -18.43
0 8.42 26.00 -18.00
1 8.42 -18.75 -18.50
0 8.47 26.41 -19.00
1 8.47 -16.61 -19.50
0 9.34 17.59 -18.50
1 9.34 -20.10 -22.60
0 9.38 19.50 -19.80
1 9.38 -19.25 -23.00
0 9.42 13.70 -19.00
1 9.42 -20.50 -23.50
0 9.47 15.00 -19.50
1 9.47 -18.28 -22.95
0 9.52 16.16 -19.18
1 9.52 -18.67 -23.50
0 9.56 18.50 -18.50
1 9.56 -18.94 -22.00
0 9.61 18.70 -19.04
1 9.61 -18.94 -22.00
0 9.65 17.75 -19.00
1 9.65 -19.25 -22.00
0 9.70 17.25 -19.00
1 9.70 -18.14 -23.00
0 9.75 15.50 -19.00
1 9.75 -20.54 -21.92
0 9.80 13.10 -18.95
1 9.80 -19.09 -21.50
0 9.84 15.18 -18.95
1 9.84 -18.56 -22.50
0 9.89 15.63 -19.27
1 9.89 -20.17 -22.00
0 9.93 13.72 -18.50
1 9.93 -18.57 -22.00
0 9.98 14.75 -17.00
1 9.98 -18.69 -21.23
0 10.02 14.90 -17.68
1 10.02 -17.64 -21.82
0 10.06 21.33 -17.69
1 10.06 -18.33 -19.50
0 10.10 19.00 -18.50
1 10.10 -15.22 -21.10
0 10.14 20.00 -17.50
1 10.14 -16.44 -21.17
0 10.19 18.50 -18.00
1 10.19 -16.50 -20.00
0 10.22 16.09 -16.43
1 10.22 -17.64 -20.14
0 10.27 12.50 -17.17
1 10.27 -18.03 -21.89
0 10.30 12.14 -15.93
1 10.30 -20.00 -20.50
0 10.34 12.89 -16.50
1 10.34 -17.75 -22.38
0 10.37 12.00 -14.50
1 10.37 -16.78 -20.75
0 10.40 12.00 -16.50
1 10.40 28.50 -22.50
0 10.43 12.00 -16.50
1 10.43 28.50 -22.50
0 10.47 12.17 -16.00
1 10.47 -14.38 -20.60
0 10.50 11.50 -14.50
1 10.50 -15.00 -20.50
0 10.53 -13.50 -13.50
1 10.53 -13.50 -18.50
0 10.56 -13.00 -6.38
1 10.56 -13.75 -20.00
0 10.59 -10.50 -11.50
1 10.59 -16.38 -18.18
0 10.62 12.00 -11.50
1 10.62 -14.21 -17.50
0 10.65 27.50 -17.50
0 17.06 -13.00 -8.00
1 17.06 4.50 -11.00
0 17.09 -15.00 1.50
1 17.09 3.00 14.00
0 17.12 13.50 15.50
1 17.12 11.50 -11.50
0 17.16 13.00 17.50
1 17.16 5.50 20.00
0 17.18 14.00 16.50
1 17.18 3.00 18.50
0 17.24 14.00 16.84
1 17.24 18.50 -12.00
0 17.27 14.00 15.00
1 17.27 17.00 -11.50
0 17.30 12.50 16.50
1 17.30 18.50 -12.00
1 17.33 17.50 -9.50
0 17.70 -1.50 5.50
0 17.74 0.00 8.00
0 17.78 23.67 6.00
0 17.81 20.58 10.94
0 17.84 -3.00 18.00
0 17.87 -6.00 16.50
0 18.20 -1.00 15.50
0 18.29 -4.00 18.00
0 18.32 3.00 14.50
0 18.35 -1.00 18.00
1 18.35 -3.00 -1.00
0 18.38 5.00 17.50
1 18.38 -3.00 0.00
1 18.41 -3.50 -1.00
1 18.44 -3.00 -0.50
1 18.48 -3.00 -1.00
1 18.51 -3.00 -1.00
1 18.54 -3.79 -1.21
1 18.57 -2.50 -0.50
0 18.62 -2.50 -0.50
0 18.65 -5.00 -0.50
0 18.69 -3.50 0.00
0 18.72 -3.50 -0.88
0 18.75 -3.50 -0.50
0 18.79 -2.20 -0.20
0 18.82 -2.50 0.50
1 18.82 1.50 3.50
0 18.85 -2.50 0.50
1 18.85 1.50 3.50
0 18.88 -2.00 0.50
1 18.88 1.50 -1.00
0 18.91 -2.50 -1.50
1 18.91 1.00 0.00
0 18.94 -3.00 0.50
1 18.94 2.00 0.00
0 18.97 4.50 -15.00
1 18.97 -4.00 6.50
0 19.02 2.00 -17.00
1 19.02 1.50 -10.50
0 19.05 4.22 -16.00
1 19.05 -5.00 -11.50
0 19.08 4.12 -19.00
1 19.08 -10.00 11.00
0 19.12 6.00 -18.50
1 19.12 9.49 -19.78
0 19.14 7.46 -17.12
1 19.14 10.50 -20.29
0 19.17 7.46 -17.12
1 19.17 10.50 -20.29
0 19.21 7.00 -19.00
1 19.21 8.74 -19.38
0 19.24 6.50 -18.00
1 19.24 9.35 -21.50
0 19.27 5.50 -19.50
1 19.27 26.50 -10.00
0 19.30 5.50 -19.00
1 19.30 2.44 -10.18
0 19.33 4.50 -18.00
1 19.33 3.50 -9.00
0 19.37 1.11 -17.50
1 19.37 5.50 -11.00
0 19.43 0.00 -21.50
1 19.43 2.50 6.00
0 19.47 1.50 -21.00
1 19.47 7.00 -18.00
0 19.52 1.50 -21.50
1 19.52 4.50 -14.50
0 19.56 1.50 -21.50
1 19.56 4.50 -14.50
0 19.61 -1.00 -20.00
1 19.61 3.00 6.50
0 19.66 2.71 -22.50
1 19.66 5.00 -16.50
0 19.70 0.00 -20.00
1 19.70 3.00 6.50
0 19.75 2.00 -22.50
0 19.83 -2.50 -23.50
1 19.83 5.50 -18.50
0 19.88 -2.50 -23.50
1 19.88 5.50 -18.50
0 21.35 0.50 -17.50
0 21.38 1.38 -1.00
1 21.38 5.50 -18.50
0 21.42 0.50 9.50
1 21.42 6.50 -18.50
0 21.46 -0.50 -1.50
1 21.46 -2.50 -1.50
0 21.49 1.00 -0.50
1 21.49 4.50 -0.50
0 21.52 1.00 -17.50
0 21.56 1.00 -1.50
0 21.60 2.00 -0.50
0 21.65 1.50 -16.50
1 21.65 5.00 14.50
0 21.70 1.00 -1.00
0 21.74 2.00 -1.00
0 21.79 1.50 -1.50
0 21.82 0.50 -1.00
0 21.86 0.50 -1.00
1 21.86 4.50 -2.00
0 21.90 1.50 -1.00
1 21.90 5.50 -1.50
0 21.94 1.50 -1.50
0 21.99 0.50 -1.50
1 21.99 6.00 -0.50
0 22.03 0.50 -1.00
1 22.03 5.00 -1.50
0 22.07 -1.00 -0.50
1 22.07 6.00 -1.50
0 22.11 -1.50 -1.50
1 22.11 4.21 -0.21
0 22.14 0.00 -0.50
1 22.14 4.00 0.00
0 22.18 1.50 -1.50
1 22.18 5.50 -1.00
0 22.22 1.50 -1.50
1 22.22 4.38 0.00
0 22.27 1.00 -2.00
0 22.32 1.30 -1.50
1 22.32 3.50 -0.50
0 22.36 2.00 -1.50
1 22.36 3.21 -0.21
0 22.41 1.50 -1.00
1 22.41 4.00 -1.00
0 22.46 2.00 -0.50
1 22.46 3.23 -1.23
0 22.50 2.50 -1.00
1 22.50 3.50 -1.00
0 22.55 3.00 -2.00
1 22.55 3.50 -1.50
0 22.60 2.00 -1.50
1 22.60 3.00 0.00
0 22.65 2.00 -1.50
1 22.65 3.00 0.00
0 22.70 3.00 -0.50
1 22.70 4.00 -1.00
0 22.74 2.50 0.00
1 22.74 3.00 0.00
0 22.79 3.00 -1.00
1 22.79 3.00 0.00
0 22.84 3.50 -1.00
1 22.84 2.78 0.22
0 22.95 3.00 0.00
1 22.95 3.00 -1.00
1 23.03 3.50 -0.50
0 23.16 1.50 0.50
1 23.16 2.00 -0.50
1 23.21 3.00 1.00
1 23.25 2.22 -0.22
1 23.30 2.22 -0.22
0 23.68 2.50 0.00
1 23.68 1.78 0.22
0 23.72 2.50 -0.50
1 23.72 2.50 0.50
0 23.77 2.50 -0.50
1 23.77 2.00 0.00
0 23.83 1.50 0.50
1 23.83 2.00 0.00
0 23.90 3.50 1.00
1 23.90 2.00 1.50
0 23.95 3.50 1.00
1 23.95 2.00 1.50
0 24.00 3.00 1.00
0 24.21 3.50 0.50
1 24.21 3.00 0.50
0 24.26 3.50 1.00
1 24.26 2.50 1.50
0 24.30 2.50 -0.50
0 24.60 2.00 -1.00
1 24.60 3.00 0.00
0 24.68 3.00 -0.50
1 24.68 3.50 0.00
0 24.78 2.00 0.00
1 24.78 4.00 0.00
0 24.83 2.00 -0.50
1 24.83 4.00 0.50
0 24.89 2.50 -1.50
1 24.89 3.80 0.80
0 24.93 3.00 -0.50
1 24.94 3.00 0.00
0 24.98 2.25 0.00
1 24.98 3.24 0.69
0 25.04 1.00 0.00
1 25.04 2.00 -0.30
0 25.09 -1.50 -1.50
1 25.09 0.00 -1.00
0 25.59 -1.50 -1.50
1 25.59 1.00 0.50
0 25.64 -2.00 -1.50
0 25.68 -1.50 -1.50
1 25.68 1.50 0.50
0 25.76 -1.50 -2.00
1 25.76 2.00 0.50
0 25.84 -1.50 -1.50
1 25.84 1.50 -0.50
0 25.87 1.50 -1.00
1 25.87 0.00 0.00
0 25.92 2.50 2.00
1 25.92 1.20 1.00
0 25.96 2.00 2.50
1 25.96 1.50 2.50
0 26.01 2.50 2.50
1 26.15 4.50 0.50
0 26.20 2.00 2.00
1 26.20 2.50 2.50
0 26.24 3.00 2.00
1 26.24 3.00 5.00
1 26.27 2.21 2.79
1 26.32 1.50 3.00
1 26.38 2.50 2.50
1 26.43 2.00 3.00
1 26.55 2.90 3.38
1 26.60 2.00 1.58
0 26.65 -0.50 1.50
1 26.65 1.17 1.00
0 26.69 -1.00 0.00
1 26.69 1.50 2.67
1 26.74 0.50 2.00
0 26.79 -0.50 0.50
1 26.79 0.00 1.00
1 26.84 1.50 1.00
1 26.88 1.00 -1.00
1 27.07 0.00 -23.50
0 28.67 0.00 -0.50
1 28.67 4.50 -3.00
0 28.72 0.00 -0.50
1 28.72 5.00 -19.00
0 28.76 0.50 0.50
1 28.76 4.00 -17.00
0 28.81 1.00 -2.00
1 28.81 3.29 -3.29
0 28.86 -1.00 -1.50
1 28.86 4.00 -2.50
0 28.90 -0.50 -1.00
1 28.90 4.50 -3.12
0 28.95 -0.50 -1.50
1 28.95 3.50 -4.00
0 29.00 -1.21 -0.79
1 29.00 4.00 -4.50
1 29.18 3.50 -16.50
1 29.27 4.00 -17.50
1 29.32 5.92 -17.07
1 29.36 2.00 18.00
0 29.41 -4.50 -26.50
1 29.41 8.05 -19.34
0 29.45 10.00 -25.00
0 29.47 5.00 -21.50
0 29.50 10.00 -26.50
0 29.53 4.50 -23.50
0 29.56 6.00 -26.50
0 29.59 -0.50 -23.50
0 29.63 5.50 -27.00
0 29.66 8.62 -25.50
0 29.69 9.50 -22.50
0 32.93 33.69 37.50
1 32.93 51.00 -23.75
0 32.97 39.00 34.00
1 32.97 30.50 -24.78
0 33.00 35.00 -23.50
1 33.00 33.00 -21.53
0 33.03 24.34 27.69
1 33.03 42.00 13.50
0 33.06 48.90 18.00
1 33.10 41.91 20.50
1 33.14 31.50 21.00
0 38.73 2.50 -6.50
0 38.76 1.50 -8.00
0 38.79 2.50 -7.00
0 38.97 24.00 26.50
0 39.06 -6.00 -12.84
0 39.09 14.50 -16.00
0 39.13 17.74 -18.24
0 39.17 18.09 -16.98
0 39.21 19.23 -16.94
0 39.24 -12.50 -11.00
0 39.27 18.99 -16.70
0 39.30 20.41 -16.03
0 39.34 20.50 -15.50
0 39.37 19.35 -13.50
0 39.40 18.82 -15.95
0 39.43 17.48 -17.25
1 39.44 -19.50 22.00
0 39.48 17.20 -16.00
1 39.48 -17.50 23.00
0 39.52 18.45 -14.84
1 39.52 -18.50 22.00
0 39.56 16.99 -15.86
1 39.56 -18.00 22.21
0 39.60 16.67 -14.50
1 39.60 -17.00 21.50
0 39.65 17.50 -13.50
1 39.65 -14.50 24.50
0 39.68 17.93 -14.00
1 39.68 -17.00 22.00
0 39.71 17.27 -15.27
1 39.71 -19.00 23.00
0 39.76 18.50 21.00
1 39.76 -19.40 23.50
0 39.80 15.67 22.00
1 39.80 -16.71 24.17
0 39.83 15.67 22.00
1 39.83 -16.71 24.17
0 39.86 19.50 21.00
1 39.86 -19.50 23.00
0 39.90 18.50 23.50
1 39.90 -20.00 22.50
0 39.93 20.61 23.77
1 39.93 -15.58 26.50
0 39.96 19.68 23.50
1 39.96 -20.50 24.00
0 39.99 18.50 23.50
1 39.99 -18.25 24.50
0 40.02 20.27 24.00
1 40.02 -22.50 24.00
0 40.07 21.71 23.55
1 40.07 -18.33 26.67
0 40.10 27.50 24.50
1 40.10 -22.50 25.00
0 40.13 29.00 27.50
1 40.13 -22.34 27.26
0 40.16 29.00 27.50
1 40.16 -22.34 27.26
0 40.19 29.50 26.50
1 40.19 -25.00 25.50
0 40.22 37.50 27.00
1 40.22 -26.00 28.00
0 40.25 39.50 28.00
1 40.25 -27.50 31.50
0 40.28 40.00 24.50
1 40.28 -26.00 31.00
0 40.31 36.00 26.62
1 40.31 -26.00 30.00
0 40.34 35.93 29.28
1 40.34 -24.00 30.00
0 40.38 35.25 28.50
1 40.38 -24.63 30.29
0 40.41 36.00 30.13
1 40.41 -28.00 29.50
0 40.44 37.00 30.00
1 40.44 -28.50 29.50
0 40.49 37.00 30.00
1 40.49 -28.50 29.50
0 40.52 37.00 30.44
1 40.52 -25.50 31.50
0 40.55 36.00 31.31
1 40.55 -26.00 30.00
0 40.58 33.50 30.00
1 40.58 -29.00 29.50
0 40.61 34.31 28.65
1 40.61 -27.00 30.00
0 40.64 35.00 25.60
1 40.64 -26.00 31.50
0 40.67 35.00 27.00
1 40.67 -27.00 29.50
0 40.72 37.71 30.62
1 40.72 -27.00 31.00
0 40.75 37.00 29.00
1 40.75 -26.64 31.31
0 40.78 39.00 31.50
1 40.78 -28.48 33.23
0 40.81 39.00 31.50
1 40.81 -28.48 33.23
0 40.84 39.00 31.50
1 40.84 -29.12 32.61
0 40.87 40.50 33.58
1 40.87 -27.50 32.06
0 40.91 42.00 37.50
1 40.91 -28.28 29.74
0 40.96 43.50 44.50
0 41.02 46.50 44.00
1 41.02 -29.50 34.50
1 47.56 -29.97 31.50
0 47.71 31.44 24.19
0 47.77 -21.00 -14.00
1 47.77 31.50 -25.00
0 47.81 -19.00 -8.50
1 47.81 26.13 -24.19
0 47.84 -17.00 -6.50
1 47.84 27.89 -18.57
0 47.88 -13.24 -3.19
1 47.88 -14.00 -17.00
0 47.91 4.50 -6.50
1 47.91 -12.58 -16.56
0 47.94 4.24 -3.35
1 47.94 -9.86 -16.43
0 47.98 3.50 -9.00
1 47.98 21.80 -11.50
0 48.02 2.38 -8.71
1 48.02 -14.03 -17.00
0 48.05 1.33 -11.03
1 48.05 22.50 -16.00
0 48.08 1.00 -9.00
1 48.08 21.83 -15.00
0 48.13 1.50 -12.50
1 48.13 20.00 -15.33
0 48.17 1.86 -11.43
1 48.17 17.82 -16.00
0 48.20 2.00 -12.00
1 48.20 21.00 -13.50
0 48.25 3.24 -12.35
1 48.25 21.50 -12.00
0 48.30 2.50 -11.50
1 48.30 20.50 -14.00
0 48.35 2.78 -13.26
1 48.35 22.50 -14.00
0 48.38 -13.43 -13.21
1 48.38 21.00 -15.00
0 48.42 19.18 -18.70
1 48.42 22.00 -14.50
0 48.47 -18.41 -13.86
1 48.47 21.00 -15.00
0 48.52 -20.00 -12.50
1 48.52 -18.50 -18.50
0 48.56 -20.00 -12.50
1 48.56 -18.50 -18.50
0 48.61 18.50 25.00
1 48.61 -17.50 -18.93
0 48.66 -20.00 -14.50
1 48.66 27.21 -17.50
0 48.70 -18.50 -12.50
1 48.70 -19.00 -19.50
0 48.75 21.50 24.50
1 48.75 -19.33 -18.50
0 48.79 24.68 -19.50
1 48.79 -15.50 29.50
0 48.84 -19.50 -14.50
1 48.84 -20.83 -17.50
0 48.89 -19.00 -10.00
1 48.89 -21.40 -17.50
0 48.94 -18.50 -12.00
1 48.94 34.50 -14.00
0 48.99 24.50 -14.50
1 48.99 -15.00 -19.00
0 49.03 23.60 -17.00
1 49.03 -17.61 -19.50
0 49.07 -16.50 -13.00
1 49.07 -16.75 -18.83
0 49.10 -16.50 -13.50
1 49.10 29.83 -16.00
0 49.14 22.46 -16.00
1 49.14 -14.68 -18.50
0 49.17 22.00 -15.00
1 49.17 -15.75 -18.50
0 49.20 2.94 -13.00
1 49.20 -14.12 -20.00
0 49.24 4.00 -15.50
1 49.24 26.00 -16.50
0 49.28 4.00 -15.50
1 49.28 26.00 -16.50
0 49.31 3.00 -16.00
1 49.31 26.71 -16.94
0 49.36 18.61 -18.23
1 49.36 30.00 -17.50
0 49.39 3.00 -16.00
1 49.39 28.00 -17.50
0 49.42 19.53 -19.39
1 49.42 -18.25 -20.50
0 49.47 22.37 -19.00
1 49.47 28.00 -20.00
0 49.51 23.07 -20.00
1 49.51 -16.90 -20.00
0 49.57 17.41 -21.73
1 49.57 -20.70 -22.70
0 49.61 17.64 -21.50
1 49.61 29.45 -25.50
0 49.66 14.48 -21.50
1 49.66 29.50 -25.00
0 49.71 16.78 -21.00
1 49.71 -22.51 -23.08
0 49.75 17.73 -22.00
1 49.75 -22.57 -23.50
0 49.80 18.53 -22.66
1 49.80 -23.30 -22.50
0 49.85 17.99 -22.74
1 49.85 -21.62 -24.00
0 49.90 17.90 -22.50
1 49.90 -22.79 -23.50
0 49.95 16.97 -22.73
1 49.95 -20.74 -23.61
0 49.99 17.17 -23.00
1 49.99 -20.00 -25.00
0 50.05 17.53 -20.88
1 50.05 -21.78 -25.69
0 50.10 20.67 -21.00
1 50.10 -22.50 -24.50
0 50.14 18.71 -20.50
1 50.14 -22.80 -25.50
0 50.19 19.11 -21.00
1 50.19 -22.50 -25.00
0 50.24 19.14 -21.50
1 50.24 -22.50 -23.50
0 50.28 19.14 -21.50
1 50.28 -22.50 -23.50
0 50.33 17.68 -21.00
1 50.33 -23.83 -24.00
0 50.38 17.95 -21.00
1 50.38 -23.00 -23.50
0 50.42 18.95 -21.00
1 50.42 -22.19 -24.21
0 50.47 18.00 -20.00
1 50.47 -22.78 -24.54
0 50.51 18.48 -20.50
1 50.51 -22.23 -23.50
0 50.56 25.03 -21.50
1 50.56 -19.50 -22.00
0 50.60 25.96 -21.50
1 50.60 -19.00 -23.50
0 50.65 25.44 -22.00
1 50.65 -19.75 -22.50
0 50.69 27.00 -21.00
1 50.69 -18.75 -21.50
0 50.73 28.33 -21.50
1 50.73 -18.74 -22.38
0 50.78 26.24 -21.41
1 50.78 -18.58 -21.00
0 50.82 28.75 -21.50
1 50.82 -20.00 -22.50
0 50.87 27.05 -21.50
1 50.87 -20.21 -20.79
0 50.92 26.73 -23.00
1 50.92 -18.51 -21.69
0 50.95 28.15 -21.91
1 50.95 38.86 -22.50
0 50.99 27.46 -21.94
1 50.99 37.74 -25.85
0 51.03 28.50 -23.50
1 51.03 38.50 -25.00
0 51.07 28.27 -23.50
0 51.12 29.24 -23.00
0 51.16 30.04 -22.35
0 51.20 29.50 -23.00
0 51.24 30.07 -23.50
0 51.29 30.72 -22.41
0 51.34 29.00 -21.50
1 51.34 -22.00 -23.50
0 51.39 23.44 -25.00
1 51.39 -26.20 -26.79
0 51.44 23.40 -23.29
1 51.44 -26.50 -24.00
0 51.49 25.00 -24.00
0 51.55 23.33 -24.50
0 51.61 23.17 -24.50
0 51.67 24.40 -24.29
0 51.72 24.20 -25.87
0 51.78 24.68 -25.71
0 51.85 24.50 -25.50
0 51.89 24.19 -25.27
0 51.96 24.94 -26.00
0 52.02 25.00 -26.00
0 52.08 24.38 -27.00
0 52.14 25.00 -26.00
0 52.21 24.06 -26.07
0 52.27 26.00 -26.00
0 52.33 23.89 -26.11
0 52.38 24.68 -26.09
0 52.42 25.70 -26.30
0 52.49 25.50 -26.50
0 52.55 24.71 -26.00
0 52.61 25.00 -26.00
0 52.66 27.50 -26.00
0 52.71 26.00 -27.00
0 52.76 27.00 -28.33
0 52.81 28.68 -27.50
0 52.87 27.00 -27.50
0 52.94 28.50 -27.50
0 52.99 27.50 -27.00
0 53.05 27.50 -27.00
0 53.11 28.50 -26.64
0 53.17 27.75 -27.00
0 53.23 25.50 -26.50
1 53.29 -25.50 38.88
1 53.32 -28.50 37.50
1 53.36 -27.50 37.50
0 53.43 26.50 -26.00
1 53.43 -29.50 36.50
0 53.47 24.50 -25.50
0 53.51 24.50 -24.50
0 53.56 26.50 -25.70
0 53.61 26.00 -25.00
0 53.65 32.47 -24.92
0 53.70 31.17 -26.50
0 53.74 32.00 -26.50
0 53.79 30.72 -26.60
0 53.85 25.50 -26.50
0 53.89 24.50 -26.00
0 53.95 23.02 -27.07
0 54.01 24.00 -24.50
0 54.06 23.50 -24.40
1 54.06 -21.38 -24.24
0 54.10 22.00 -23.50
1 54.10 -20.77 -25.82
0 54.15 17.92 -23.50
1 54.15 -20.75 -24.93
0 54.19 18.20 -23.50
1 54.19 -20.26 -24.88
0 54.24 18.10 -22.50
1 54.24 -16.95 -24.63
0 54.29 17.52 -23.00
1 54.29 -18.50 -23.85
0 54.33 12.00 -21.50
1 54.33 -16.55 -21.94
0 54.38 -0.50 -21.50
1 54.38 -16.10 -21.94
0 54.42 3.00 -19.00
1 54.42 21.00 -20.50
0 54.46 2.00 -18.50
1 54.46 21.50 -19.00
0 54.51 2.00 -18.17
1 54.51 19.00 -18.50
0 54.56 2.50 -18.00
1 54.56 19.88 -19.50
0 54.61 3.00 -18.50
1 54.61 19.39 -19.19
0 54.65 3.50 -18.00
1 54.65 20.79 -18.42
0 54.69 2.50 -18.50
1 54.69 19.64 -18.31
0 54.73 3.29 -19.56
1 54.73 19.00 -19.00
0 54.78 1.65 -19.50
1 54.78 19.50 -19.00
0 54.82 2.50 -19.50
1 54.82 20.00 -19.00
0 54.87 2.00 -18.50
1 54.87 19.35 -18.58
0 54.92 3.00 -18.50
1 54.92 20.00 -18.50
0 54.96 3.36 -19.18
1 54.96 19.41 -19.18
0 55.01 1.00 -19.83
1 55.01 16.00 -19.33
0 55.05 0.00 -19.00
1 55.05 16.72 -19.00
0 55.10 -0.50 -18.50
1 55.10 16.00 -18.00
0 55.14 0.26 -19.31
1 55.14 17.00 -20.00
0 55.17 -2.50 -20.50
1 55.17 16.79 -20.38
0 55.23 -3.50 -19.50
1 55.23 17.25 -20.00
0 55.27 -2.00 -18.00
1 55.27 3.00 -19.00
0 55.31 -2.17 -18.17
1 55.31 17.00 -16.50
0 55.36 -0.50 -17.50
1 55.36 3.00 -19.00
0 55.41 -2.08 -18.90
1 55.41 3.00 -19.60
0 55.45 -3.00 -17.00
1 55.45 4.50 -16.71
0 55.50 -2.00 -19.00
1 55.50 4.50 -16.50
0 55.53 -2.00 -17.50
1 55.53 4.50 -14.50
0 55.58 -0.08 -16.93
1 55.58 5.00 -14.71
0 55.63 -0.50 -17.50
1 55.63 4.64 -15.00
0 55.67 1.17 -16.50
1 55.67 5.00 -12.00
0 55.72 0.00 -17.50
1 55.72 3.82 -15.14
0 55.75 1.00 -15.50
1 55.75 4.47 -12.89
0 55.80 -0.50 -15.00
1 55.80 3.74 -10.13
0 55.83 -1.00 -15.50
1 55.83 5.08 -8.50
0 55.87 -0.50 -15.50
1 55.87 3.29 -13.76
0 55.91 -1.00 -16.00
1 55.91 4.00 -11.00
0 55.96 -0.50 -16.50
1 55.96 4.00 -10.00
0 56.00 3.00 -10.50
1 56.00 7.50 -10.00
0 56.05 3.00 -9.00
1 56.05 6.50 -13.00
0 56.09 3.00 5.00
1 56.09 7.50 -11.50
0 56.14 5.00 4.50
1 56.14 7.76 -12.45
1 56.19 9.20 -12.00
1 56.24 10.00 -11.00
1 56.56 5.50 1.50
1 56.61 6.00 3.00
1 56.66 6.00 1.50
1 56.70 4.00 1.50
0 56.75 1.00 1.00
1 56.75 6.00 1.50
0 56.80 2.50 0.50
1 56.80 6.33 0.50
0 56.85 1.00 0.50
1 56.85 6.00 0.00
0 56.89 1.50 0.50
1 56.89 6.50 0.50
0 56.94 1.50 0.50
1 56.94 6.00 1.50
0 56.98 2.50 0.00
1 56.98 5.50 0.50
0 57.03 2.00 0.50
1 57.03 5.50 0.50
0 57.08 1.00 0.50
1 57.08 4.00 -13.00
0 57.13 1.00 0.00
1 57.13 5.00 0.00
0 57.17 1.50 0.00
1 57.17 4.94 -16.84
0 57.22 1.50 0.50
1 57.22 4.50 -14.47
0 57.26 2.50 -0.50
1 57.26 5.50 -17.00
0 57.31 1.50 -1.00
1 57.31 5.61 -16.90
0 57.36 1.50 -1.50
1 57.36 6.00 -18.00
0 57.44 1.50 -1.00
1 57.44 6.42 -17.93
0 57.48 1.50 -0.50
1 57.49 5.92 -18.14
0 57.53 1.72 -1.72
1 57.53 5.50 -17.84
0 57.58 1.50 -1.00
1 57.58 5.00 -16.94
0 57.62 0.73 -1.73
1 57.62 4.50 -2.50
0 57.67 1.72 -0.72
1 57.67 4.50 -16.84
0 57.72 0.50 -1.50
1 57.72 5.00 -18.35
0 57.76 0.00 -0.50
1 57.76 5.50 -19.73
0 57.81 0.80 -1.08
1 57.81 6.50 -17.50
0 57.86 -1.00 0.00
1 57.86 7.25 -15.00
0 57.90 0.50 -10.50
1 57.90 6.97 -13.11
0 57.95 1.00 -12.00
1 57.95 8.50 -0.50
0 57.99 1.27 -21.39
1 57.99 8.50 -13.00
0 58.04 -2.64 -25.19
1 58.04 7.00 -14.00
0 58.09 19.00 -26.50
1 58.09 7.50 -16.00
1 58.13 7.50 -15.00
1 58.18 6.69 -14.50
1 58.23 4.50 -8.00
1 58.27 0.50 -8.50
1 58.32 3.00 -8.00
0 58.36 26.50 -24.50
1 58.36 5.61 -8.00
0 58.41 18.64 -23.00
1 58.41 5.00 -6.50
0 58.46 17.82 -22.71
1 58.46 5.50 -5.50
0 58.50 14.55 -20.00
1 58.50 4.50 -6.00
0 58.55 0.00 -14.50
1 58.55 4.50 -6.00
0 58.60 -0.81 -16.71
1 58.60 3.65 -5.50
0 58.64 0.93 -15.21
1 58.64 5.00 1.00
0 58.69 0.24 -12.74
1 58.69 5.50 0.50
1 59.30 6.50 -0.50
0 59.44 2.00 0.00
0 59.49 1.79 -8.84
1 59.49 7.50 -0.50
0 59.53 0.50 -15.41
1 59.53 7.00 -0.50
0 59.58 1.50 -12.50
1 59.58 7.00 0.00
0 59.62 2.50 -11.50
1 59.62 6.50 -1.00
0 59.67 1.00 -11.50
1 59.67 6.50 0.00
0 59.72 2.00 -7.35
1 59.72 6.50 -0.50
0 59.76 2.00 -0.50
0 59.81 3.00 -0.50
1 59.81 6.50 -1.00
0 59.86 1.50 -1.00
1 59.86 7.00 -1.00
0 59.90 1.50 0.50
1 59.90 6.50 -2.00
0 59.94 0.50 -0.50
1 59.94 6.50 -2.00
0 60.00 0.50 -0.50
1 60.00 6.50 -1.50
0 60.04 0.00 -1.50
1 60.04 7.50 -3.50
0 60.09 2.22 -0.22
1 60.09 6.50 -2.00
0 60.14 2.00 0.00
1 60.14 6.00 -4.00
0 60.18 1.50 -0.50
1 60.18 6.50 -1.50
0 60.23 0.78 -0.78
1 60.23 5.72 -0.72
0 60.28 1.50 -1.00
1 60.28 4.50 -1.00
0 60.33 0.29 -0.29
1 60.33 6.26 -0.95
0 60.37 1.12 -0.50
1 60.37 5.22 -1.22
0 60.41 0.50 -0.50
1 60.42 4.50 -2.00
0 60.46 1.50 -1.00
1 60.46 7.50 -2.00
0 60.51 -0.50 -1.00
1 60.51 7.00 -1.50
0 60.55 2.50 0.00
1 60.55 8.00 -2.00
0 60.60 1.50 -0.50
1 60.60 8.22 -2.22
0 60.65 2.00 0.00
1 60.65 8.72 -1.72
0 60.70 1.50 -2.00
1 60.70 9.00 -3.00
0 60.74 1.50 0.00
1 60.74 7.50 -1.50
0 60.79 2.00 -2.00
1 60.79 9.50 -2.00
0 60.83 2.50 -1.00
1 60.83 8.50 -2.50
0 60.87 2.50 -1.00
1 60.87 8.50 -2.50
0 60.93 -0.50 -11.50
1 60.93 6.00 -2.50
0 60.97 0.75 -3.00
1 60.97 6.50 -3.00
1 61.02 6.00 -3.50
0 61.06 0.00 -2.50
1 61.06 6.00 -1.50
0 61.12 -3.50 -14.00
1 61.12 3.50 -4.00
0 61.16 -1.00 -2.50
1 61.16 5.50 -2.00
0 61.21 -2.50 -13.50
1 61.21 6.50 -2.00
0 61.26 -2.50 -13.75
1 61.26 6.00 -3.00
0 61.30 -2.50 -12.74
1 61.30 5.50 -4.00
0 61.34 -2.00 -14.00
1 61.34 4.50 -3.50
0 61.38 -2.50 -13.50
1 61.38 4.50 -4.50
0 61.43 -2.50 -13.50
1 61.43 4.50 -4.50
0 61.47 -3.00 -2.50
1 61.47 5.50 -3.00
0 61.52 -2.50 -2.00
1 61.52 4.50 -2.50
0 61.56 -3.50 -14.00
1 61.56 5.00 -4.00
0 61.61 -3.50 -1.00
1 61.61 7.00 -3.00
0 61.66 -3.50 -14.00
1 61.66 5.00 -3.00
0 61.71 -3.00 -13.50
1 61.71 6.50 -3.00
0 61.75 -3.00 -13.50
1 61.75 6.50 -3.00
0 61.80 -2.50 -2.00
1 61.80 5.00 -3.00
0 61.84 -2.50 -1.50
1 61.84 5.50 -2.50
0 61.89 -2.50 -2.00
1 61.89 4.50 -4.00
0 61.94 -3.50 -1.00
1 61.94 6.00 -3.00
0 61.98 -4.50 -2.00
1 61.98 4.50 -3.98
0 62.03 -3.50 -2.00
1 62.03 4.50 -4.10
0 62.08 -3.50 -2.00
1 62.08 4.50 -4.10
0 62.13 -4.00 -1.50
1 62.13 5.27 -2.73
0 62.17 -4.00 -2.00
1 62.17 3.77 -3.23
0 62.22 -3.00 -1.00
1 62.22 5.00 -3.50
0 62.27 -3.00 -2.50
1 62.27 5.00 -2.50
0 62.31 -3.50 -0.50
1 62.31 5.50 -2.50
0 62.35 -1.00 -18.74
1 62.35 10.50 -2.00
0 62.41 0.50 -17.24
1 62.41 11.00 -4.86
0 62.45 1.50 -14.36
1 62.45 10.00 -4.87
0 62.50 0.70 -15.17
1 62.50 11.00 -3.00
0 62.54 0.66 -17.33
1 62.54 10.50 -5.00
0 62.58 1.17 -17.85
1 62.58 9.50 -5.00
0 62.63 0.26 -17.37
1 62.63 10.00 -4.50
0 62.68 2.00 -16.41
1 62.68 10.00 -4.50
0 62.73 1.50 -15.41
1 62.73 8.68 -5.18
0 62.78 1.00 -16.44
1 62.78 8.50 -5.50
0 62.83 1.50 -16.50
1 62.83 10.00 -4.90
0 62.87 2.00 -16.42
1 62.87 9.00 -6.00
0 62.92 1.78 -15.16
1 62.92 9.00 -6.00
0 62.96 1.50 -16.71
1 62.96 9.50 -5.00
0 63.00 0.50 -16.00
1 63.00 10.00 -5.00
0 63.06 0.50 -16.94
1 63.06 9.73 -5.23
0 63.11 1.00 -14.89
1 63.11 10.18 -5.18
0 63.15 0.50 -16.42
1 63.15 10.00 -5.00
0 63.20 2.50 -15.36
1 63.20 10.40 -4.90
0 63.24 1.00 -17.76
1 63.24 10.50 -5.00
0 63.29 2.00 -16.00
1 63.29 9.50 -5.50
0 63.34 1.00 -16.00
1 63.34 11.00 -5.00
0 63.38 2.00 -14.50
1 63.38 9.00 -5.00
0 63.43 0.50 -16.94
1 63.43 9.50 -6.00
0 63.47 1.00 -16.44
1 63.47 8.00 -5.00
0 63.52 1.50 -15.50
1 63.52 10.00 -5.00
0 63.57 2.00 -15.14
1 63.57 9.50 -6.00
0 63.62 0.00 -16.79
1 63.62 10.00 -5.50
0 63.66 1.00 -16.91
1 63.66 10.00 -5.50
0 63.71 1.00 -16.91
1 63.71 10.50 -6.00
0 63.75 2.50 -16.00
1 63.75 8.50 -5.50
0 63.80 1.00 -17.72
1 63.80 10.00 -5.50
0 63.84 1.00 -16.44
1 63.84 9.50 -5.50
0 63.89 1.50 -16.76
1 63.89 10.00 -5.00
0 63.94 1.50 -17.72
1 63.94 9.50 -5.50
0 63.99 0.50 -17.84
1 63.99 10.00 -5.00
0 64.04 1.00 -16.42
1 64.04 9.50 -5.00
0 64.09 5.00 -13.36
1 64.09 6.50 -4.00
0 64.15 4.88 -13.36
1 64.15 5.80 -4.00
0 64.21 5.00 -12.00
1 64.21 7.00 -4.00
0 64.27 4.79 -13.79
1 64.28 5.50 -4.00
0 64.33 6.00 -12.50
1 64.33 5.00 -5.50
0 64.39 5.70 -13.91
1 64.39 6.00 -4.11
0 64.45 5.00 -13.00
1 64.45 5.50 -4.61
0 64.52 5.50 -13.93
1 64.52 7.00 -3.00
0 64.58 4.50 -13.40
1 64.58 7.28 -2.78
0 64.65 5.50 -13.40
1 64.65 7.00 -3.00
0 64.71 5.50 -13.50
1 64.71 8.00 -2.50
0 64.77 5.00 -13.50
1 64.77 8.00 -3.00
0 64.82 5.00 -14.00
1 64.82 6.50 -16.00
0 64.87 5.30 -13.50
1 64.87 6.50 -17.00
0 64.92 5.50 -12.84
1 64.92 7.50 -16.50
0 64.99 5.30 -13.50
1 64.99 6.28 -16.78
0 65.05 4.71 -13.21
1 65.05 6.00 -17.50
0 65.11 4.50 -12.50
1 65.11 7.00 -3.50
0 65.17 4.50 -13.00
1 65.17 5.62 -4.40
0 65.23 4.50 -12.41
1 65.23 5.50 -4.11
0 65.29 5.00 -12.42
1 65.29 5.78 -4.28
0 65.34 5.30 -11.88
1 65.34 5.78 -4.40
0 65.39 4.80 -12.42
1 65.39 6.28 -3.78
0 65.43 5.30 -11.88
1 65.43 4.28 -5.92
0 65.48 5.80 -12.00
1 65.48 4.90 -17.00
0 65.53 4.80 -12.95
1 65.53 5.50 -16.00
0 65.58 5.30 -11.88
1 65.58 5.00 -17.00
0 65.63 5.00 -13.00
1 65.63 4.50 -17.00
0 65.70 4.75 -13.50
1 65.70 4.22 -17.22
0 65.74 3.50 -12.50
1 65.74 4.50 -17.50
0 65.81 5.00 -12.19
1 65.81 5.50 -16.50
0 65.87 5.72 -13.15
1 65.87 4.80 -17.20
0 65.93 5.22 -12.71
1 65.93 5.50 -18.00
0 65.99 4.72 -13.72
1 65.99 5.50 -16.00
0 66.05 3.96 -13.03
1 66.06 5.28 -17.28
0 66.12 5.22 -12.66
1 66.12 6.00 -17.00
0 66.16 4.00 -13.00
1 66.16 5.50 -17.00
0 66.24 3.52 -17.66
1 66.24 5.72 -17.22
0 66.29 3.55 -18.24
1 66.29 6.22 -16.72
0 66.35 3.50 -21.50
1 66.35 5.72 -17.22
0 66.41 4.00 -22.00
1 66.41 5.22 -16.72
0 66.46 3.50 -21.50
1 66.46 6.00 -17.50
0 66.52 3.50 -21.50
1 66.52 4.50 -17.50
0 66.57 3.50 -21.00
1 66.57 5.50 -17.50
0 66.63 3.61 -20.28
1 66.63 5.22 -17.22
0 66.67 4.00 -22.00
1 66.67 4.72 -18.22
0 66.72 4.00 -22.50
1 66.72 5.22 -18.72
0 66.77 3.50 -26.00
1 66.77 0.72 -17.72
0 66.83 3.50 -27.50
1 66.83 0.22 -18.72
0 66.88 4.00 -28.00
1 66.88 0.22 -18.72
0 66.93 4.00 -27.50
1 66.93 -0.78 -19.72
0 66.97 -0.50 -27.00
1 66.97 -1.00 -19.50
0 67.03 3.50 -26.50
1 67.03 -1.78 -21.72
0 67.08 2.00 -28.50
1 67.08 -2.03 -24.72
0 67.13 3.00 -28.50
1 67.13 -1.50 -26.50
0 67.18 1.50 -26.50
1 67.18 -2.00 -27.00
0 67.22 0.31 -24.42
1 67.22 -3.00 -27.50
0 67.27 0.71 -23.32
1 67.27 -5.00 -28.50
0 67.32 0.50 -24.50
1 67.32 -4.00 -29.50
0 67.37 0.50 -26.50
1 67.37 -4.00 -29.00
0 67.42 -2.00 -25.50
1 67.42 -2.50 -29.00
0 67.47 -2.00 -25.50
1 67.47 -2.00 -28.00
0 67.52 -2.15 -25.28
1 67.52 -0.50 -27.50
0 67.57 -1.50 -25.75
1 67.57 -1.00 -29.00
0 67.62 -1.40 -25.88
1 67.62 -1.47 -29.00
0 67.69 -2.50 -24.50
1 67.69 -0.50 -28.00
0 67.74 -1.00 -25.50
1 67.74 -1.00 -29.50
0 67.80 -2.50 -25.00
1 67.80 -1.50 -29.00
0 67.86 -4.00 -25.00
1 67.86 -1.50 -30.00
0 67.92 -3.00 -25.00
1 67.92 -1.50 -28.50
0 67.98 -3.50 -26.00
1 67.98 -1.76 -28.31
0 68.04 -0.50 -25.00
1 68.04 -1.32 -28.68
0 68.11 -0.50 -26.00
1 68.11 -1.50 -29.50
0 68.16 -1.00 -26.00
1 68.16 10.00 3.50
0 68.20 11.00 4.50
1 68.21 10.64 3.22
0 68.26 -2.56 -25.28
1 68.26 11.50 3.50
0 68.33 -3.00 -23.50
1 68.33 10.74 3.19
0 68.39 -3.00 -24.00
1 68.39 11.77 3.73
0 68.45 -2.00 -24.50
1 68.45 10.86 3.42
0 68.51 -9.83 5.67
1 68.51 9.83 2.86
0 68.57 -9.50 5.50
1 68.57 10.00 3.33
0 68.64 -9.00 5.50
1 68.64 10.40 4.21
0 68.70 -9.27 5.73
1 68.70 10.00 3.00
0 68.75 11.00 4.00
1 68.75 10.26 3.47
0 68.81 10.50 4.50
1 68.81 10.79 3.45
0 68.87 11.00 3.50
1 68.87 10.33 3.00
0 68.93 -9.50 4.00
1 68.93 9.50 2.92
0 69.00 11.50 3.50
1 69.00 10.81 2.88
0 69.06 11.50 3.50
1 69.06 10.81 2.88
0 69.12 -10.50 4.50
1 69.12 10.07 2.93
0 69.19 11.50 4.00
1 69.19 10.47 3.53
0 69.25 -11.00 5.00
1 69.25 10.00 2.50
0 69.30 11.50 4.50
1 69.30 10.75 3.38
0 69.35 -11.77 3.27
1 69.35 11.00 3.50
0 69.40 -10.77 2.77
1 69.40 14.33 0.50
0 69.45 11.23 2.77
1 69.45 14.50 0.50
0 69.50 1.00 4.00
1 69.50 13.29 -0.24
0 69.56 0.50 4.00
1 69.56 14.11 0.98
0 69.62 0.50 4.00
1 69.62 12.62 0.60
0 69.67 0.50 4.50
1 69.67 14.57 -0.11
0 69.72 0.50 4.50
1 69.72 14.89 0.44
0 69.78 1.00 4.00
1 69.78 14.50 1.50
0 69.83 1.50 4.50
1 69.83 14.50 2.50
0 69.88 0.21 4.50
1 69.88 14.00 2.50
0 69.93 1.00 4.00
1 69.93 11.77 1.73
1 70.00 11.80 1.92
0 70.06 0.00 4.50
1 70.06 12.25 0.50
0 70.12 1.00 4.50
1 70.12 1.50 5.00
0 70.18 1.50 5.00
1 70.18 1.70 4.58
0 70.25 -16.77 1.77
1 70.25 13.95 1.14
0 70.30 0.90 4.10
1 70.30 14.00 0.00
0 70.35 1.40 3.60
1 70.35 13.73 1.07
1 70.40 13.75 0.75
0 70.45 1.00 4.50
1 70.45 13.50 0.00
0 70.50 1.50 4.50
1 70.50 13.18 -0.18
0 70.55 1.00 4.50
1 70.55 12.98 -0.18
0 70.61 -12.24 3.19
1 70.61 14.00 -0.50
0 70.67 2.50 -29.50
1 70.67 14.00 -0.50
0 70.72 -3.50 -24.00
1 70.72 12.80 -0.50
0 70.77 -1.50 -27.00
1 70.77 4.00 -28.50
0 70.82 -1.00 -27.00
1 70.82 -1.00 -28.50
0 70.87 1.00 -26.50
1 70.87 -1.50 -29.00
0 70.92 0.50 -26.50
1 70.92 -5.50 -29.50
0 70.97 0.50 -26.50
1 70.97 -5.27 -29.55
0 71.02 0.76 -26.69
1 71.02 -5.50 -30.50
0 71.09 0.00 -26.00
1 71.09 -3.73 -29.27
0 71.15 0.71 -26.50
1 71.15 -5.78 -30.74
0 71.21 0.74 -26.31
1 71.21 -5.50 -30.00
0 71.27 0.74 -26.31
1 71.27 -4.50 -29.00
0 71.33 0.98 -26.50
1 71.33 -5.00 -30.00
0 71.39 1.24 -25.81
1 71.39 -5.50 -29.50
0 71.46 1.24 -25.31
1 71.46 -2.30 -29.42
0 71.52 1.00 -26.50
1 71.52 -3.08 -28.92
0 71.58 1.00 -26.50
1 71.58 -3.08 -28.92
0 71.64 0.50 -26.25
1 71.64 -5.50 -30.00
0 71.69 2.32 -26.97
1 71.69 -5.24 -29.19
0 71.75 2.00 -26.00
1 71.75 -5.00 -30.00
0 71.80 2.50 -26.00
1 71.80 -1.50 -28.00
0 71.85 1.00 -25.00
1 71.85 -1.05 -28.00
0 71.91 2.50 -26.50
1 71.91 -0.82 -27.68
0 71.97 1.80 -25.70
1 71.97 -1.42 -28.18
0 72.03 2.00 -26.00
1 72.03 -0.82 -27.68
0 72.09 2.00 -26.00
1 72.09 -1.50 -28.50
0 72.15 1.75 -26.19
1 72.15 -1.32 -27.68
0 72.22 1.50 -26.50
1 72.22 -0.82 -28.18
0 72.28 1.50 -28.50
1 72.28 -1.82 -28.18
0 72.33 2.50 -30.00
1 72.33 -2.00 -28.50
0 72.38 1.00 -28.71
1 72.38 -2.00 -27.50
0 72.43 4.00 -26.00
1 72.43 -2.32 -28.18
0 72.48 4.00 -28.44
1 72.48 -2.06 -28.00
0 72.53 2.00 -27.00
1 72.53 -5.23 -30.27
0 72.58 -0.50 -26.00
1 72.58 -1.46 -29.00
0 72.64 -1.50 -27.00
1 72.64 -1.00 -29.08
0 72.68 -2.00 -27.00
1 72.68 13.00 -2.00
0 72.74 1.00 4.00
1 72.74 12.00 -1.50
0 72.78 1.00 4.50
1 72.78 11.00 -2.00
0 72.84 1.00 4.50
1 72.84 12.18 -1.81
0 72.90 0.83 4.83
1 72.90 11.68 -1.68
0 72.96 0.50 4.50
1 72.96 12.68 -1.18
0 73.02 0.50 4.50
1 73.02 12.00 -1.50
0 73.09 0.50 4.50
1 73.09 13.00 -2.00
0 73.15 -13.50 3.50
1 73.15 13.68 -0.93
0 73.21 -13.50 3.00
1 73.21 13.08 -1.27
0 73.27 1.18 3.82
1 73.27 13.18 -1.68
0 73.34 -13.21 3.50
1 73.34 13.58 -1.08
0 73.40 0.29 4.00
1 73.40 14.00 -0.50
0 73.46 10.62 4.21
1 73.46 10.00 2.70
0 73.51 10.29 5.00
1 73.51 9.50 2.70
0 73.57 11.00 5.50
1 73.57 10.04 3.96
0 73.61 10.50 5.50
1 73.61 8.00 3.50
0 73.67 10.50 6.00
1 73.67 7.68 4.82
0 73.72 10.57 6.89
1 73.72 7.54 4.47
0 73.78 10.80 5.80
1 73.78 8.00 4.50
0 73.83 11.30 7.30
1 73.83 8.00 5.00
0 73.88 6.50 8.00
1 73.88 5.00 6.00
0 73.94 1.50 4.00
1 73.94 4.00 5.50
0 73.99 2.45 5.00
1 73.99 3.41 5.13
0 74.03 1.00 6.00
1 74.03 3.56 5.08
0 74.08 1.00 5.00
1 74.08 3.99 4.91
0 74.13 0.50 7.00
1 74.13 3.06 5.08
0 74.17 2.00 4.62
1 74.17 2.91 5.13
0 74.22 2.07 4.60
1 74.22 3.12 3.30
0 74.26 2.50 6.00
1 74.26 5.00 6.00
0 74.31 2.00 5.00
1 74.31 5.50 5.50
0 74.36 2.13 5.72
1 74.36 4.50 4.50
0 74.40 2.00 5.00
1 74.40 6.07 5.25
0 74.45 2.22 3.78
1 74.45 5.50 5.50
0 74.49 2.37 5.50
1 74.49 5.72 5.89
0 74.54 2.72 5.28
1 74.54 5.28 5.72
0 74.59 2.22 5.28
1 74.59 4.28 4.72
0 74.64 2.00 6.00
1 74.64 4.78 5.22
0 74.68 2.22 5.28
1 74.68 5.00 4.50
0 74.73 2.50 5.00
1 74.73 4.00 4.50
0 74.77 2.00 6.00
1 74.77 4.28 4.72
0 74.82 2.00 5.00
1 74.82 4.28 5.22
0 74.87 2.50 5.50
1 74.87 4.00 4.00
0 74.91 2.00 5.00
1 74.91 4.91 5.77
0 74.96 2.50 6.00
1 74.96 4.00 3.50
0 75.01 2.45 5.00
1 75.01 5.50 7.00
0 75.06 1.50 5.00
1 75.06 5.97 6.34
0 75.11 0.50 5.50
1 75.11 9.50 5.00
0 75.17 1.00 7.50
1 75.17 9.54 5.46
0 75.21 1.50 4.00
1 75.21 9.00 4.50
0 75.26 1.00 5.00
1 75.26 8.50 4.00
0 75.31 1.00 5.50
1 75.31 9.00 4.00
0 75.35 6.50 6.50
1 75.35 9.00 5.50
0 75.40 7.00 6.00
1 75.40 8.24 4.26
0 75.45 2.50 7.88
1 75.45 8.20 5.50
0 75.49 1.00 5.00
1 75.49 7.00 4.50
0 75.54 1.50 5.00
1 75.54 5.00 5.50
0 75.59 1.72 6.28
1 75.59 5.18 6.16
0 75.63 2.00 5.50
1 75.63 5.22 5.28
0 75.69 2.00 4.50
1 75.69 7.69 5.21
0 75.74 1.00 5.50
1 75.74 7.72 5.28
0 75.78 5.50 8.50
1 75.78 8.22 4.78
0 75.83 10.02 5.23
1 75.83 11.00 3.50
0 75.88 10.50 5.00
1 75.88 11.28 3.72
0 75.92 11.00 5.50
1 75.92 13.62 1.10
0 75.96 11.00 5.00
1 75.96 11.18 4.02
0 76.01 11.00 5.00
1 76.01 13.00 0.50
0 76.06 -1.00 -26.00
1 76.06 -0.50 -28.50
0 76.10 0.00 -27.00
1 76.10 -1.78 -30.22
0 76.17 -2.00 -26.00
1 76.17 -1.28 -28.22
0 76.39 1.69 -27.94
1 76.39 -3.00 -30.50
0 76.44 1.00 -28.50
1 76.44 -1.00 -29.00
0 76.49 0.50 -28.00
1 76.49 -0.50 -29.00
0 76.54 0.79 -26.00
1 76.54 -1.50 -32.00
0 76.59 0.50 -27.50
1 76.59 -0.50 -30.00
0 76.66 -0.24 -26.45
1 76.66 -1.50 -28.50
0 76.72 0.22 -26.22
1 76.72 -1.50 -28.50
0 76.78 -0.20 -26.70
1 76.78 -1.00 -28.00
0 76.84 -0.50 -26.00
1 76.84 -0.50 -28.50
0 76.90 0.50 -25.50
1 76.90 -0.50 -28.50
0 76.96 0.45 5.50
1 76.96 -1.00 -29.00
0 77.02 0.55 5.00
1 77.02 -1.00 -28.50
0 77.06 1.75 5.50
1 77.06 4.00 4.00
0 77.11 1.72 4.28
1 77.11 3.50 3.50
0 77.16 1.07 5.50
1 77.16 4.00 5.00
0 77.20 1.58 5.00
1 77.20 4.00 5.00
0 77.25 2.00 6.00
1 77.25 4.74 4.14
0 77.30 2.47 6.00
1 77.30 4.35 4.55
0 77.35 2.00 6.50
1 77.35 5.50 4.50
0 77.39 -0.53 5.50
1 77.39 4.72 4.78
0 77.43 -8.00 5.50
1 77.43 -2.50 9.00
0 77.49 -8.91 6.64
1 77.49 -3.50 8.50
0 77.55 -10.50 7.50
1 77.55 -2.25 8.50
0 77.61 -8.33 6.09
1 77.61 -3.00 9.00
0 77.67 -8.00 5.50
1 77.67 -3.00 8.50
0 77.73 -8.00 5.50
1 77.73 -2.00 7.50
0 77.78 -8.21 5.79
1 77.78 -1.54 8.50
0 77.83 -7.50 5.50
1 77.83 -2.50 7.50
0 77.88 -8.50 6.00
1 77.88 -3.00 7.50
0 77.94 -6.50 6.50
1 77.94 -0.50 8.50
0 77.98 -1.50 -27.00
1 77.98 10.00 6.00
0 78.03 -2.00 -26.50
1 78.03 10.50 6.00
0 78.08 0.00 -27.50
1 78.08 10.00 5.50
0 78.13 0.00 -26.00
1 78.13 10.00 5.00
0 78.17 13.21 6.29
1 78.17 8.50 4.00
0 78.22 -2.29 -25.71
1 78.22 9.47 4.68
0 78.27 -1.00 -26.50
1 78.27 10.07 4.93
0 78.31 0.00 -27.00
1 78.31 10.00 2.50
0 78.36 -0.50 -26.50
1 78.36 11.72 3.78
0 78.42 0.50 -27.50
1 78.42 10.50 3.00
0 78.47 0.00 -26.50
1 78.47 11.00 3.00
0 78.52 -0.50 -26.50
1 78.52 10.10 3.34
0 78.58 11.50 7.50
1 78.58 6.78 4.22
0 78.62 11.50 7.50
1 78.62 6.78 4.22
0 78.67 0.50 4.00
1 78.67 4.47 5.02
0 78.72 2.00 4.50
1 78.72 5.00 6.50
0 78.76 2.00 4.50
1 78.76 5.00 5.50
0 78.81 2.50 4.50
1 78.81 4.57 4.81
0 78.86 1.50 4.00
1 78.86 4.00 3.50
0 78.90 1.00 6.00
1 78.90 4.50 7.50
0 78.94 2.00 6.00
1 78.94 4.34 6.53
0 79.00 2.00 6.00
1 79.00 4.34 6.53
0 79.04 2.29 5.50
1 79.04 4.50 6.50
0 79.09 0.95 5.50
1 79.09 5.00 6.50
0 79.14 2.00 6.00
1 79.14 4.00 4.00
0 79.18 1.00 5.00
1 79.18 4.00 4.00
0 79.23 0.67 6.83
1 79.23 3.50 5.50
0 79.27 0.07 4.00
1 79.27 3.00 4.00
0 79.32 0.57 4.00
1 79.32 3.87 5.63
0 79.37 0.00 4.50
1 79.37 3.50 4.50
0 79.41 5.00 7.00
1 79.41 4.00 5.00
0 79.46 5.50 7.00
1 79.46 4.50 5.50
0 79.51 10.00 5.50
1 79.51 4.72 5.78
0 79.55 10.50 5.50
1 79.55 7.22 5.78
0 79.60 10.50 7.00
1 79.60 5.17 4.83
0 79.65 10.50 7.00
1 79.65 5.17 4.83
0 79.69 10.00 6.50
1 79.69 4.61 5.29
0 79.74 12.00 7.50
1 79.74 5.24 5.55
0 79.79 11.00 6.50
1 79.79 7.36 4.93
0 79.85 11.50 7.00
1 79.85 5.50 5.00
0 79.90 10.05 6.18
1 79.90 6.44 6.05
0 79.95 7.73 7.11
1 79.95 6.00 6.00
0 80.01 7.73 7.11
1 80.01 6.00 6.00
0 80.06 10.35 6.15
1 80.06 6.00 5.50
0 80.12 8.60 5.60
1 80.12 8.50 6.00
0 80.18 8.50 6.00
1 80.18 8.47 5.02
0 80.24 10.69 5.86
1 80.24 7.44 5.04
0 80.29 10.80 5.80
1 80.29 9.00 5.50
0 80.35 7.57 6.07
1 80.35 6.74 6.19
0 80.41 7.33 6.88
1 80.41 6.28 6.44
0 80.46 7.00 8.00
1 80.46 6.59 5.71
0 80.52 6.45 7.03
1 80.52 5.40 5.42
0 80.57 -9.82 7.68
1 80.57 -1.00 11.00
0 80.63 -10.00 4.50
1 80.63 -8.25 8.50
0 80.69 -9.72 4.17
1 80.69 -7.11 10.55
0 80.75 -10.00 4.50
1 80.75 -7.50 10.00
0 80.82 -10.00 4.50
1 80.82 -8.50 9.50
0 80.88 -10.00 4.50
1 80.88 -7.50 9.50
0 80.94 -10.00 4.50
1 80.94 -7.21 9.79
0 81.01 -9.71 4.50
1 81.01 -8.41 10.05
0 81.07 -10.50 3.50
1 81.07 15.00 2.50
0 81.12 -9.50 4.50
1 81.12 13.00 0.50
0 81.18 -11.00 5.00
1 81.18 17.50 -4.00
0 81.24 -16.00 2.00
1 81.24 14.37 0.13
0 81.30 10.50 6.50
1 81.30 10.46 3.58
0 81.36 10.50 5.00
1 81.36 9.80 3.20
0 81.41 10.72 5.78
1 81.41 10.00 3.50
0 81.47 10.90 5.00
1 81.47 10.50 3.50
0 81.53 10.50 4.50
1 81.53 9.50 3.00
0 81.57 10.50 4.50
1 81.57 10.32 3.35
0 81.62 11.50 6.50
1 81.62 9.31 3.38
0 81.68 11.50 5.00
1 81.68 10.74 4.55
0 81.73 10.50 7.00
1 81.73 9.67 4.04
0 81.79 10.78 6.22
1 81.79 9.16 5.82
0 81.85 10.50 5.00
1 81.85 4.77 6.23
0 81.90 0.23 5.77
1 81.90 5.00 6.50
0 81.94 0.73 4.77
1 81.94 4.41 5.45
0 81.99 1.00 5.00
1 81.99 5.18 6.32
0 82.04 0.73 6.27
1 82.04 4.18 4.82
0 82.08 1.50 6.00
1 82.08 4.11 5.84
0 82.13 1.40 6.50
1 82.13 5.00 7.00
0 82.18 0.50 8.00
1 82.18 4.73 5.77
0 82.23 1.00 6.50
1 82.23 3.76 5.31
0 82.27 0.50 7.50
1 82.27 3.44 4.22
0 82.32 1.06 7.21
1 82.32 3.00 4.00
0 82.37 0.57 6.50
1 82.37 3.18 3.32
0 82.41 0.50 6.50
1 82.41 3.29 3.82
0 82.46 0.50 8.00
1 82.46 3.00 4.00
0 82.51 0.50 7.50
1 82.51 3.30 4.93
0 82.55 0.80 7.80
1 82.55 3.73 3.77
0 82.60 1.50 8.00
1 82.60 4.00 5.00
0 82.65 1.50 7.50
1 82.65 4.00 3.50
0 82.69 1.50 7.00
1 82.69 3.50 3.50
0 82.74 1.76 5.45
1 82.74 3.50 4.50
0 82.79 1.50 5.50
1 82.79 4.00 4.00
0 82.83 1.50 6.50
1 82.83 5.70 7.43
0 82.88 1.00 7.50
1 82.88 5.50 7.50
0 82.92 1.00 7.00
1 82.92 5.00 5.00
0 82.97 1.00 6.00
1 82.97 4.50 5.00
0 83.02 1.50 5.00
1 83.02 4.50 4.50
0 83.07 1.50 5.00
1 83.07 4.50 4.50
0 83.12 1.00 6.00
1 83.12 5.50 5.00
0 83.16 1.00 6.50
1 83.16 4.00 4.00
0 83.21 2.00 6.00
1 83.21 4.50 5.50
0 83.25 2.00 7.00
1 83.25 4.50 5.00
0 83.30 2.50 6.50
1 83.30 4.39 5.35
0 83.35 2.30 7.00
1 83.35 4.76 5.41
0 83.39 2.30 7.00
1 83.39 4.76 5.41
0 83.44 1.50 5.50
1 83.44 3.96 5.42
0 83.49 1.25 7.00
1 83.49 4.50 4.50
0 83.53 1.00 6.00
1 83.53 5.00 5.50
0 83.58 1.00 6.00
1 83.58 5.00 6.00
0 83.63 1.00 4.50
1 83.63 7.50 4.50
0 83.67 1.88 6.50
1 83.67 13.77 0.04
0 83.72 1.88 6.50
1 83.72 13.77 0.04
1 83.76 15.00 -0.50
0 83.99 4.00 -25.50
0 84.03 4.00 -25.50
0 84.23 28.00 27.00
0 84.28 27.50 28.00
1 84.28 13.50 -1.55
0 84.32 28.00 29.50
1 84.32 12.21 -0.59
0 84.37 28.00 29.50
1 84.37 12.21 -0.59
0 84.41 10.00 4.00
1 84.41 10.50 2.50
0 84.46 1.00 5.50
1 84.46 4.50 6.50
0 84.50 0.50 7.00
1 84.50 4.40 6.21
0 84.55 -0.76 4.19
1 84.55 4.00 3.50
0 84.60 0.29 5.31
1 84.60 3.50 6.00
0 84.64 0.00 6.50
1 84.64 4.50 7.00
0 84.69 0.00 6.50
1 84.69 4.50 7.00
0 84.74 1.00 6.00
1 84.74 4.00 5.50
0 84.78 1.22 5.78
1 84.78 3.50 6.00
0 84.83 1.00 6.50
1 84.83 3.22 6.81
0 84.88 0.50 7.50
1 84.88 3.71 7.16
0 84.92 0.50 7.50
1 84.92 3.00 6.00
0 84.97 1.00 8.50
1 84.97 4.68 8.02
0 85.02 0.50 6.50
1 85.02 3.95 6.92
0 85.06 1.50 8.00
1 85.06 4.00 4.50
0 85.11 2.17 6.83
1 85.11 4.50 7.50
0 85.16 0.50 8.00
1 85.16 4.00 3.50
0 85.21 1.58 7.50
1 85.21 4.54 4.23
0 85.25 1.08 7.00
1 85.25 4.00 5.00
0 85.30 1.78 7.22
1 85.30 4.57 5.48
0 85.34 1.44 6.50
1 85.34 4.50 5.50
0 85.39 1.40 5.50
1 85.39 4.05 4.26
0 85.44 2.50 6.50
1 85.44 4.51 4.57
0 85.48 1.50 7.00
1 85.48 4.50 6.00
0 85.53 1.50 6.50
1 85.53 4.08 3.81
0 85.58 0.80 6.30
1 85.58 3.00 6.00
0 85.62 1.30 6.00
1 85.62 4.00 6.00
0 85.67 1.33 6.67
1 85.67 3.50 6.50
0 85.72 1.80 4.80
1 85.72 3.91 5.69
0 85.76 1.00 7.50
1 85.76 4.00 6.50
0 85.81 1.00 7.50
1 85.81 3.62 5.96
0 85.86 0.00 5.50
1 85.86 3.73 5.27
0 85.90 1.31 6.00
1 85.90 3.50 7.00
0 85.95 1.00 7.50
1 85.95 4.50 6.50
0 85.99 1.00 7.00
1 85.99 4.13 4.66
0 86.04 1.00 6.50
1 86.04 4.50 6.50
0 86.09 0.90 6.00
1 86.09 4.13 5.16
0 86.13 1.48 8.38
1 86.13 3.56 4.81
0 86.18 1.30 7.30
1 86.18 4.00 6.50
0 86.22 0.10 8.00
1 86.22 5.16 6.81
0 86.27 0.30 8.00
1 86.27 4.50 6.50
0 86.32 1.60 6.50
1 86.32 4.50 4.00
0 86.36 2.00 5.00
1 86.36 5.00 6.00
0 86.41 1.44 6.00
1 86.41 5.50 6.00
0 86.45 1.50 6.00
1 86.45 4.50 5.00
0 86.50 1.05 7.75
1 86.50 4.50 6.50
0 86.55 0.55 7.50
1 86.55 5.31 6.26
0 86.60 0.71 7.50
1 86.60 4.85 7.02
0 86.64 0.68 5.82
1 86.64 4.26 6.81
0 86.69 0.76 7.31
1 86.69 5.00 6.50
0 86.74 1.50 7.00
1 86.74 5.50 7.50
0 86.78 0.50 6.50
1 86.78 4.97 6.26
0 86.83 1.87 6.10
1 86.83 6.00 6.50
0 86.88 1.50 6.00
1 86.88 4.77 5.23
0 86.92 1.00 6.00
1 86.92 5.50 6.00
0 86.97 1.56 6.50
1 86.97 4.23 4.27
0 87.02 0.88 6.00
1 87.02 4.33 7.50
0 87.06 1.24 7.55
1 87.06 3.73 6.41
0 87.11 1.00 5.75
1 87.11 4.50 7.50
0 87.16 1.02 7.60
1 87.16 4.00 6.00
0 87.20 1.00 5.50
1 87.20 4.50 7.50
0 87.25 0.50 6.00
1 87.25 5.00 7.50
0 87.29 0.05 6.50
1 87.29 4.09 5.22
0 87.34 0.50 7.50
1 87.34 5.50 7.50
0 87.39 0.50 5.50
1 87.39 4.50 6.50
0 87.43 1.00 7.50
1 87.43 3.48 4.66
0 87.48 1.00 7.50
1 87.48 3.69 4.64
0 87.53 1.00 6.50
1 87.53 4.50 6.00
0 87.58 1.00 7.00
1 87.58 4.50 6.50
0 87.62 0.50 7.00
1 87.62 3.50 3.00
0 87.67 0.50 7.50
1 87.67 4.50 6.50
0 87.72 1.00 6.50
1 87.72 4.00 4.50
0 87.76 1.00 5.50
1 87.76 5.00 6.00
0 87.81 0.50 7.50
1 87.81 4.50 6.00
0 87.86 1.50 5.00
1 87.86 5.50 6.50
0 87.91 1.00 6.00
1 87.91 4.44 5.66
0 87.95 0.98 6.00
1 87.95 4.50 6.00
0 88.00 0.97 5.50
1 88.00 4.73 6.27
0 88.05 0.50 6.00
1 88.05 5.00 7.00
0 88.09 1.21 5.00
1 88.09 4.00 6.00
0 88.14 1.00 7.00
1 88.14 4.34 5.47
0 88.18 0.23 5.77
1 88.18 5.00 7.00
0 88.23 0.50 5.00
1 88.23 4.70 5.77
0 88.28 -0.50 6.50
1 88.28 4.50 6.00
0 88.32 0.93 5.50
1 88.32 3.73 4.77
0 88.37 0.00 5.00
1 88.37 4.00 3.50
0 88.42 0.50 7.50
1 88.42 4.27 4.23
0 88.47 0.00 5.50
1 88.47 4.23 2.77
0 88.51 0.72 6.28
1 88.51 5.42 3.95
0 88.56 0.00 5.00
1 88.56 4.50 3.50
0 88.61 0.50 5.50
1 88.61 8.00 5.50
0 88.65 0.50 5.00
1 88.65 9.50 6.50
0 88.70 0.50 6.50
1 88.70 8.40 4.60
0 88.75 0.00 6.00
1 88.75 8.50 4.00
0 88.80 1.00 6.00
1 88.80 7.00 3.50
0 88.84 1.33 6.33
1 88.84 8.50 4.50
0 88.89 1.00 6.00
1 88.89 7.89 5.11
0 88.94 2.50 4.50
1 88.94 7.84 3.23
0 88.98 6.76 8.50
1 88.99 8.46 5.03
0 89.03 5.74 8.05
1 89.03 9.50 4.00
0 89.08 1.50 4.00
1 89.08 1.50 4.00
0 89.15 -16.50 1.50
1 89.15 2.00 4.00
0 89.21 1.00 4.50
1 89.21 1.90 4.10
0 89.27 0.76 4.55
0 108.21 24.50 26.50
0 108.24 24.00 27.50
0 108.27 23.50 27.00
0 108.33 25.50 13.50
0 108.37 26.50 -17.00
0 108.55 37.50 34.50
0 130.54 23.50 25.00
0 130.56 23.50 25.00
0 130.68 26.00 31.00
0 130.94 26.50 31.00
0 131.16 21.00 24.00
0 131.25 22.50 23.00
0 131.52 21.00 24.50
0 131.67 21.00 27.00
0 131.73 21.00 24.50
